{
  "window": {
    "startupPosX": 304,
    "startupPosY": 77,
    "viewportWidth": 998,
    "viewportHeight": 916,
    "colBGx": 2.333333611488342e-1,
    "colBGy": 2.0000000149011612e-1,
    "colBGz": 2.7000000178813934e-1,
    "theme": 1
  },
  "image": {
    "imageSaveFormatIndex": 1
  }
}
