{
  "window": {
    "startupPosX": 266,
    "startupPosY": 69,
    "viewportWidth": 998,
    "viewportHeight": 916,
    "colBGx": 2.814815044403076e-1,
    "colBGy": 2.393171787261963e-1,
    "colBGz": 1.3552813231945038e-1,
    "theme": 1
  },
  "image": {
    "imageSaveFormatIndex": 1
  }
}